0.236287
0.236339
0.201985
0.295222
0.433443
0.388527
0.381811
0.565894
0.296331
0.284324
0.170370
0.258325
0.464277
0.457503
0.069043
0.128073
0.149742
0.188361
0.101582
0.313042
0.383198
0.333559
0.070288
0.184505
0.179356
0.371265
0.068017
0.212570
0.148286
0.170377
0.128184
0.659422
0.176630
0.090461
0.291885
0.171964
0.142723
0.047919
0.392973
0.066181
0.242525
0.042677
0.122819
0.071681
0.153206
0.017530
0.010998
0.004487
0.034800
0.020613
0.152907
0.012674
0.009652
0.008452
0.005701
0.001286
0.000543
0.004887
0.000000
0.000000
0.000000
0.000000
0.000000
0.000000
0.137072
0.205723
0.087549
0.189485
0.092362
0.118570
0.073968
0.117491
0.200635
0.322512
0.045524
0.167874
0.149933
0.055005
0.040531
0.111540
0.123559
0.070773
0.193948
0.105310
0.187866
0.006473
0.012496
0.002572
0.000000
0.000000
0.000000
0.000000
0.000000
0.000000
0.000000
0.000000
0.068817
0.047722
0.149082
0.081969
0.113576
0.060676
0.060673
0.149806
0.103104
0.103570
0.039566
0.121828
0.030452
0.090564
0.059299
0.036523
0.031483
0.015536
0.092850
0.050412
0.090013
0.012860
0.007459
0.009259
0.000000
0.000000
0.000000
0.000000
0.000000
0.000000
0.000000
0.000000
0.093189
0.154249
0.116748
0.290319
0.086765
0.120813
0.090764
0.434237
0.072149
0.067256
0.277549
0.124921
0.042469
0.104730
0.077237
0.257630
0.023630
0.053586
0.030149
0.058585
0.020457
0.049891
0.040254
0.112311
0.021462
0.050294
0.045453
0.156507
0.032738
0.128644
0.100780
0.618827
0.067302
0.102333
0.136606
0.090835
0.024255
0.057401
0.037185
0.133888
0.043966
0.061178
0.188857
0.156207
0.027211
0.071473
0.038180
0.065329
0.005027
0.010867
0.007673
0.016461
0.004958
0.011574
0.004630
0.013889
0.000000
0.000000
0.000000
0.000000
0.000000
0.000000
0.000000
0.000000
0.039344
0.116267
0.072016
0.100459
0.016220
0.049347
0.021998
0.090621
0.015456
0.037834
0.023048
0.069702
0.015554
0.055127
0.017918
0.063272
0.005474
0.008263
0.015625
0.014660
0.003965
0.008230
0.006430
0.018519
0.000000
0.000000
0.000000
0.000000
0.000000
0.000000
0.000000
0.000000
0.013953
0.028539
0.025106
0.058728
0.020131
0.054841
0.043238
0.151749
0.018433
0.050797
0.044410
0.165123
0.033293
0.136317
0.107510
0.759259
0.004029
0.009388
0.009774
0.023148
0.005916
0.018519
0.013889
0.000000
0.000000
0.000000
0.000000
0.000000
0.000000
0.000000
0.000000
0.000000
0.152777
0.066726
0.303231
0.080744
0.062663
0.224744
0.041910
0.030252
0.020731
0.031907
0.119467
0.110365
0.033558
0.030026
0.089170
0.070091
0.079947
0.063064
0.046182
0.212834
0.137744
0.038697
0.023249
0.088491
0.045496
0.009097
0.005144
0.003787
0.002429
0.000857
0.070626
0.034465
0.007416
0.005573
0.019033
0.001257
0.000000
0.000000
0.000000
0.000000
0.000000
0.000000
0.000000
0.123031
0.039652
0.018073
0.013327
0.027242
0.140039
0.050369
0.015539
0.011574
0.039866
0.032064
0.003987
0.002894
0.001800
0.000772
0.000000
0.000000
0.000000
0.000000
0.000000
0.000000
0.010867
0.016413
0.012422
0.032022
0.027313
0.023913
0.022148
0.069530
0.006621
0.017361
0.009431
0.033436
0.010145
0.025291
0.017147
0.007716
0.003972
0.010417
0.005658
0.020062
0.006087
0.015175
0.010288
0.004630
0.000000
0.000000
0.000000
0.000000
0.000000
0.000000
0.000000
0.000000
0.139419
0.047975
0.082656
0.023227
0.081347
0.017284
0.039480
0.029221
0.021919
0.091564
0.058624
0.038109
0.025241
0.019319
0.082690
0.006521
0.017790
0.014232
0.064043
0.011860
0.053369
0.042695
0.384259
0.032469
0.031207
0.020776
0.013860
0.060357
0.013717
0.028292
0.007002
0.019719
0.011145
0.015432
0.003529
0.008230
0.005658
0.016975
0.004201
0.011831
0.006687
0.009259
0.000000
0.000000
0.000000
0.000000
0.000000
0.000000
0.000000
0.000000
0.044142
0.042734
0.014175
0.030907
0.005820
0.018711
0.010374
0.051183
0.003715
0.010074
0.006001
0.023148
0.003858
0.014146
0.005144
0.023148
0.002229
0.006044
0.003601
0.013889
0.002315
0.008488
0.003086
0.013889
0.000000
0.000000
0.000000
0.000000
0.000000
0.000000
0.000000
0.000000
0.003953
0.009216
0.007373
0.023663
0.005287
0.015861
0.012689
0.057099
0.004287
0.012860
0.010288
0.046296
0.008573
0.038580
0.030864
0.277778
0.002572
0.007716
0.006173
0.027778
0.005144
0.023148
0.018519
0.166667
0.000000
0.000000
0.000000
0.000000
0.000000
0.000000
0.000000
0.212834
0.000000
0.000000
0.000000
0.384259
0.000000
0.000000
0.000000
0.000000
0.000000
0.000000
0.000000
0.000000
0.000000
0.093189
0.154249
0.116748
0.290319
0.086765
0.120813
0.090764
0.434237
0.072149
0.067256
0.277549
0.124921
0.042469
0.104730
0.077237
0.257630
0.023630
0.053586
0.030149
0.058585
0.020457
0.049891
0.040254
0.112311
0.021462
0.050294
0.045453
0.156507
0.032738
0.128644
0.100780
0.618827
0.067302
0.102333
0.136606
0.090835
0.024255
0.057401
0.037185
0.133888
0.043966
0.061178
0.188857
0.156207
0.027211
0.071473
0.038180
0.065329
0.005027
0.010867
0.007673
0.016461
0.004958
0.011574
0.004630
0.013889
0.000000
0.000000
0.000000
0.000000
0.000000
0.000000
0.000000
0.000000
0.039344
0.116267
0.072016
0.100459
0.016220
0.049347
0.021998
0.090621
0.015456
0.037834
0.023048
0.069702
0.015554
0.055127
0.017918
0.063272
0.005474
0.008263
0.015625
0.014660
0.003965
0.008230
0.006430
0.018519
0.000000
0.000000
0.000000
0.000000
0.000000
0.000000
0.000000
0.000000
0.013953
0.028539
0.025106
0.058728
0.020131
0.054841
0.043238
0.151749
0.018433
0.050797
0.044410
0.165123
0.033293
0.136317
0.107510
0.759259
0.004029
0.009388
0.009774
0.023148
0.005916
0.018519
0.013889
0.000000
0.000000
0.000000
0.000000
0.000000
0.000000
0.000000
0.000000
0.000000
0.000000
0.000000
0.000000
0.000000
0.000000
0.000000
0.000000
0.000000
0.000000
0.000000
0.000000
0.000000
0.000000
0.000000
0.000000
0.000000
0.000000
0.000000
0.000000
0.000000
0.000000
0.000000
0.000000
0.000000
0.000000
0.000000
0.000000
0.000000
0.000000
0.000000
0.000000
0.000000
0.000000
0.000000
0.000000
0.000000
0.000000
0.000000
0.000000
0.000000
0.000000
0.000000
0.000000
0.000000
0.000000
0.000000
0.000000
0.000000
0.000000
0.000000
0.000000
0.000000
0.000000
0.000000
0.000000
0.000000
0.000000
0.000000
0.000000
0.000000
0.000000
0.000000
0.000000
0.000000
0.000000
0.000000
0.000000
0.000000
0.000000
0.000000
0.000000
0.000000
0.000000
0.000000
0.000000
0.000000
0.000000
0.000000
0.000000
0.000000
0.000000
0.000000
0.000000
0.000000
0.000000
0.000000
0.000000
0.000000
0.000000
0.000000
0.000000
0.000000
0.000000
0.000000
0.000000
0.000000
0.000000
0.000000
0.000000
0.000000
0.000000
0.000000
0.000000
0.000000
0.000000
0.000000
0.000000
0.000000
0.000000
0.000000
0.000000
0.000000
0.000000
0.000000
0.000000
0.000000
0.000000
0.000000
0.000000
0.000000
0.000000
0.000000
0.000000
0.000000
0.000000
0.000000
0.000000
0.000000
0.139419
0.047975
0.082656
0.023227
0.081347
0.017284
0.039480
0.029221
0.021919
0.091564
0.058624
0.038109
0.025241
0.019319
0.082690
0.017790
0.064043
0.053369
0.042695
0.384259
0.032469
0.031207
0.020776
0.013860
0.060357
0.013717
0.028292
0.019719
0.011145
0.015432
0.008230
0.016975
0.011831
0.006687
0.009259
0.000000
0.000000
0.000000
0.000000
0.000000
0.000000
0.000000
0.000000
0.042734
0.030907
0.018711
0.010374
0.051183
0.010074
0.023148
0.014146
0.005144
0.023148
0.006044
0.013889
0.008488
0.003086
0.013889
0.000000
0.000000
0.000000
0.000000
0.000000
0.000000
0.003953
0.009216
0.007373
0.023663
0.005287
0.015861
0.012689
0.057099
0.004287
0.012860
0.010288
0.046296
0.008573
0.038580
0.030864
0.277778
0.002572
0.007716
0.006173
0.027778
0.005144
0.023148
0.018519
0.166667
0.000000
0.000000
0.000000
0.000000
0.000000
0.000000
0.000000
0.000000
0.000000
0.000000
0.000000
0.000000
0.000000
0.000000
0.000000
0.000000
0.000000
0.000000
0.000000
0.000000
0.000000
0.000000
0.000000
0.000000
0.000000
0.000000
0.000000
0.000000
0.000000
0.000000
0.000000
0.000000
0.000000
0.000000
0.000000
0.000000
0.000000
0.000000
0.000000
0.000000
0.000000
0.000000
0.000000
0.000000
0.000000
0.000000
0.000000
0.000000
0.000000
0.000000
0.000000
0.000000
0.000000
0.000000
0.000000
0.000000
0.000000
0.000000
0.000000
0.000000
0.000000
0.000000
0.000000
0.000000
0.000000
0.000000
0.000000
0.000000
0.000000
0.000000
0.000000
0.000000
0.000000
0.000000
0.000000
0.000000
0.000000
0.000000
0.000000
0.000000
0.000000
0.000000
0.000000
0.000000
0.000000
0.000000
0.000000
0.000000
0.000000
0.000000
0.000000
0.000000
0.000000
0.000000
0.000000
0.000000
0.000000
0.000000
0.000000
0.000000
0.000000
0.000000
0.000000
0.000000
0.000000
0.000000
0.000000
0.000000
0.000000
0.000000
0.000000
0.000000
0.000000
0.000000
0.000000
0.000000
0.000000
0.000000
0.000000
0.000000
0.137072
0.205723
0.087549
0.189485
0.092362
0.118570
0.073968
0.117491
0.200635
0.322512
0.045524
0.167874
0.149933
0.055005
0.040531
0.111540
0.123559
0.070773
0.193948
0.105310
0.187866
0.006473
0.012496
0.002572
0.000000
0.000000
0.000000
0.000000
0.000000
0.000000
0.000000
0.000000
0.068817
0.047722
0.149082
0.081969
0.113576
0.060676
0.060673
0.149806
0.103104
0.103570
0.039566
0.121828
0.030452
0.090564
0.059299
0.036523
0.031483
0.015536
0.092850
0.050412
0.090013
0.012860
0.007459
0.009259
0.000000
0.000000
0.000000
0.000000
0.000000
0.000000
0.000000
0.000000
0.044142
0.042734
0.014175
0.030907
0.005820
0.018711
0.010374
0.051183
0.003715
0.010074
0.006001
0.023148
0.003858
0.014146
0.005144
0.023148
0.002229
0.006044
0.003601
0.013889
0.002315
0.008488
0.003086
0.013889
0.000000
0.000000
0.000000
0.000000
0.000000
0.000000
0.000000
0.000000
0.003953
0.009216
0.007373
0.023663
0.005287
0.015861
0.012689
0.057099
0.004287
0.012860
0.010288
0.046296
0.008573
0.038580
0.030864
0.277778
0.002572
0.007716
0.006173
0.027778
0.005144
0.023148
0.018519
0.166667
0.000000
0.000000
0.000000
0.000000
0.000000
0.000000
0.000000
0.039344
0.116267
0.072016
0.100459
0.016220
0.049347
0.021998
0.090621
0.015456
0.037834
0.023048
0.069702
0.015554
0.055127
0.017918
0.063272
0.005474
0.008263
0.015625
0.014660
0.003965
0.008230
0.006430
0.018519
0.000000
0.000000
0.000000
0.000000
0.000000
0.000000
0.000000
0.000000
0.013953
0.028539
0.025106
0.058728
0.020131
0.054841
0.043238
0.151749
0.018433
0.050797
0.044410
0.165123
0.033293
0.136317
0.107510
0.759259
0.004029
0.009388
0.009774
0.023148
0.005916
0.018519
0.013889
0.000000
0.000000
0.000000
0.000000
0.000000
0.000000
0.000000
0.000000
0.000000
0.000000
0.000000
0.000000
0.000000
0.000000
0.000000
0.000000
0.000000
0.000000
0.000000
0.000000
0.000000
0.000000
0.000000
0.000000
0.000000
0.000000
0.000000
0.000000
0.000000
0.000000
0.000000
0.000000
0.000000
0.000000
0.000000
0.000000
0.000000
0.000000
0.000000
0.000000
0.000000
0.000000
0.000000
0.000000
0.000000
0.000000
0.000000
0.000000
0.000000
0.000000
0.000000
0.000000
0.000000
0.000000
0.000000
0.000000
0.000000
0.000000
0.000000
0.000000
0.000000
0.000000
0.000000
0.000000
0.000000
0.000000
0.000000
0.000000
0.000000
0.000000
0.000000
0.000000
0.000000
0.123031
0.039652
0.018073
0.013327
0.027242
0.140039
0.050369
0.015539
0.011574
0.039866
0.032064
0.003987
0.002894
0.001800
0.000772
0.000000
0.000000
0.000000
0.000000
0.000000
0.016413
0.032022
0.023913
0.022148
0.069530
0.017361
0.033436
0.025291
0.017147
0.007716
0.010417
0.020062
0.015175
0.010288
0.004630
0.000000
0.000000
0.000000
0.000000
0.000000
0.000000
0.000000
0.000000
0.000000
0.000000
0.000000
0.000000
0.000000
0.000000
0.000000
0.000000
0.000000
0.000000
0.000000
0.000000
0.000000
0.000000
0.000000
0.000000
0.000000
0.000000
0.000000
0.000000
0.000000
0.000000
0.000000
0.000000
0.000000
0.000000
0.000000
0.000000
0.000000
0.000000
0.000000
0.000000
0.000000
0.000000
0.000000
0.000000
0.000000
0.000000
0.000000
0.000000
0.000000
0.000000
0.000000
0.000000
0.000000
0.000000
0.000000
0.000000
0.000000
0.000000
0.000000
0.000000
0.000000
0.042734
0.030907
0.018711
0.010374
0.051183
0.010074
0.023148
0.014146
0.005144
0.023148
0.006044
0.013889
0.008488
0.003086
0.013889
0.000000
0.000000
0.000000
0.000000
0.000000
0.000000
0.000000
0.000000
0.009216
0.023663
0.015861
0.012689
0.057099
0.012860
0.046296
0.008573
0.038580
0.030864
0.277778
0.002572
0.007716
0.006173
0.027778
0.005144
0.023148
0.018519
0.166667
0.000000
0.000000
0.000000
0.000000
0.000000
0.000000
0.000000
0.000000
0.000000
0.000000
0.000000
0.000000
0.000000
0.000000
0.000000
0.000000
0.000000
0.000000
0.000000
0.000000
0.000000
0.000000
0.000000
0.000000
0.000000
0.000000
0.000000
0.000000
0.000000
0.000000
0.000000
0.000000
0.000000
0.000000
0.000000
0.000000
0.000000
0.000000
0.000000
0.000000
0.000000
0.000000
0.000000
0.000000
0.000000
0.000000
0.000000
0.000000
0.000000
0.000000
0.000000
0.000000
0.000000
0.000000
0.000000
0.000000
0.000000
0.000000
0.000000
0.000000
0.000000
0.000000
0.000000
0.000000
0.000000
0.000000
0.000000
0.000000
0.000000
0.000000
0.176630
0.090461
0.291885
0.171964
0.142723
0.047919
0.392973
0.066181
0.242525
0.042677
0.122819
0.071681
0.153206
0.017530
0.010998
0.004487
0.034800
0.020613
0.152907
0.012674
0.009652
0.008452
0.005701
0.001286
0.000543
0.004887
0.000000
0.000000
0.000000
0.000000
0.000000
0.000000
0.010867
0.016413
0.012422
0.032022
0.027313
0.023913
0.022148
0.069530
0.006621
0.017361
0.009431
0.033436
0.010145
0.025291
0.017147
0.007716
0.003972
0.010417
0.005658
0.020062
0.006087
0.015175
0.010288
0.004630
0.000000
0.000000
0.000000
0.000000
0.000000
0.000000
0.000000
0.000000
0.068817
0.047722
0.149082
0.081969
0.113576
0.060676
0.060673
0.149806
0.103104
0.103570
0.039566
0.121828
0.030452
0.090564
0.059299
0.036523
0.031483
0.015536
0.092850
0.050412
0.090013
0.012860
0.007459
0.009259
0.000000
0.000000
0.000000
0.000000
0.000000
0.000000
0.000000
0.000000
0.000000
0.000000
0.000000
0.000000
0.000000
0.000000
0.000000
0.000000
0.000000
0.000000
0.000000
0.000000
0.000000
0.000000
0.000000
0.000000
0.000000
0.000000
0.000000
0.000000
0.000000
0.000000
0.000000
0.000000
0.000000
0.000000
0.000000
0.000000
0.000000
0.000000
0.000000
0.000000
0.067302
0.102333
0.136606
0.090835
0.024255
0.057401
0.037185
0.133888
0.043966
0.061178
0.188857
0.156207
0.027211
0.071473
0.038180
0.065329
0.005027
0.010867
0.007673
0.016461
0.004958
0.011574
0.004630
0.013889
0.000000
0.000000
0.000000
0.000000
0.000000
0.000000
0.000000
0.000000
0.003953
0.009216
0.007373
0.023663
0.005287
0.015861
0.012689
0.057099
0.004287
0.012860
0.010288
0.046296
0.008573
0.038580
0.030864
0.277778
0.002572
0.007716
0.006173
0.027778
0.005144
0.023148
0.018519
0.166667
0.000000
0.000000
0.000000
0.000000
0.000000
0.000000
0.000000
0.013953
0.028539
0.025106
0.058728
0.020131
0.054841
0.043238
0.151749
0.018433
0.050797
0.044410
0.165123
0.033293
0.136317
0.107510
0.759259
0.004029
0.009388
0.009774
0.023148
0.005916
0.018519
0.013889
0.000000
0.000000
0.000000
0.000000
0.000000
0.000000
0.000000
0.000000
0.000000
0.000000
0.000000
0.000000
0.000000
0.000000
0.000000
0.000000
0.000000
0.000000
0.000000
0.000000
0.000000
0.000000
0.000000
0.000000
0.000000
0.000000
0.000000
0.000000
0.000000
0.000000
0.000000
0.000000
0.000000
0.000000
0.000000
0.000000
0.000000
0.000000
0.000000
0.000000
0.000000
0.137744
0.038697
0.023249
0.088491
0.045496
0.009097
0.005144
0.003787
0.002429
0.000857
0.070626
0.034465
0.007416
0.005573
0.019033
0.000000
0.000000
0.000000
0.000000
0.000000
0.000000
0.000000
0.000000
0.000000
0.000000
0.000000
0.000000
0.000000
0.000000
0.000000
0.000000
0.000000
0.000000
0.000000
0.000000
0.000000
0.000000
0.000000
0.000000
0.000000
0.000000
0.000000
0.000000
0.016413
0.032022
0.023913
0.022148
0.069530
0.017361
0.033436
0.025291
0.017147
0.007716
0.010417
0.020062
0.015175
0.010288
0.004630
0.000000
0.000000
0.000000
0.000000
0.000000
0.000000
0.000000
0.000000
0.000000
0.000000
0.000000
0.000000
0.000000
0.000000
0.000000
0.000000
0.000000
0.000000
0.000000
0.000000
0.000000
0.000000
0.000000
0.000000
0.000000
0.000000
0.000000
0.000000
0.000000
0.000000
0.000000
0.000000
0.000000
0.000000
0.000000
0.000000
0.000000
0.000000
0.032469
0.031207
0.020776
0.013860
0.060357
0.013717
0.028292
0.019719
0.011145
0.015432
0.008230
0.016975
0.011831
0.006687
0.009259
0.000000
0.000000
0.000000
0.000000
0.000000
0.000000
0.000000
0.000000
0.000000
0.000000
0.000000
0.000000
0.000000
0.000000
0.000000
0.000000
0.000000
0.000000
0.000000
0.000000
0.000000
0.000000
0.000000
0.000000
0.000000
0.000000
0.000000
0.000000
0.000000
0.000000
0.000000
0.000000
0.000000
0.000000
0.000000
0.003953
0.009216
0.007373
0.023663
0.005287
0.015861
0.012689
0.057099
0.004287
0.012860
0.010288
0.046296
0.008573
0.038580
0.030864
0.277778
0.002572
0.007716
0.006173
0.027778
0.005144
0.023148
0.018519
0.166667
0.000000
0.000000
0.000000
0.000000
0.000000
0.000000
0.000000
0.000000
0.000000
0.000000
0.000000
0.000000
0.000000
0.000000
0.000000
0.000000
0.000000
0.000000
0.000000
0.000000
0.000000
0.000000
0.000000
0.000000
0.000000
0.000000
0.000000
0.000000
0.000000
0.000000
0.000000
0.000000
0.000000
0.000000
0.000000
0.000000
0.000000
0.000000
0.149742
0.188361
0.101582
0.313042
0.383198
0.333559
0.070288
0.184505
0.179356
0.371265
0.068017
0.212570
0.148286
0.170377
0.128184
0.659422
0.005474
0.065157
0.015625
1.209062
0.003965
0.008230
0.006430
0.018519
0.045718
0.931113
0.000000
0.000000
0.634231
0.000000
0.000000
0.000000
0.034800
0.020613
0.152907
0.012674
0.009652
0.008452
0.005701
0.001286
0.000543
0.004887
0.000000
0.000000
0.000000
0.000000
0.000000
0.000000
0.004029
0.009388
0.009774
0.023148
0.005916
0.018519
0.013889
0.000000
0.000000
0.000000
0.000000
0.000000
0.000000
0.000000
0.000000
0.000000
0.123559
0.070773
0.193948
0.105310
0.187866
0.006473
0.012496
0.002572
0.000000
0.000000
0.000000
0.000000
0.000000
0.000000
0.000000
0.000000
0.003972
0.010417
0.005658
0.020062
0.006087
0.015175
0.010288
0.004630
0.000000
0.000000
0.000000
0.000000
0.000000
0.000000
0.000000
0.000000
0.031483
0.015536
0.092850
0.050412
0.090013
0.012860
0.007459
0.009259
0.000000
0.000000
0.000000
0.000000
0.000000
0.000000
0.000000
0.000000
0.000000
0.000000
0.000000
0.000000
0.000000
0.000000
0.000000
0.000000
0.000000
0.000000
0.000000
0.000000
0.000000
0.000000
0.000000
0.000000
0.023630
0.053586
0.030149
0.058585
0.020457
0.049891
0.040254
0.112311
0.021462
0.050294
0.045453
0.156507
0.032738
0.128644
0.100780
0.618827
0.003529
0.008230
0.005658
0.016975
0.004201
0.011831
0.006687
0.009259
0.000000
0.000000
0.000000
0.000000
0.000000
0.000000
0.000000
0.000000
0.005027
0.010867
0.007673
0.016461
0.004958
0.011574
0.004630
0.013889
0.000000
0.000000
0.000000
0.000000
0.000000
0.000000
0.000000
0.000000
0.000000
0.000000
0.000000
0.000000
0.000000
0.000000
0.000000
0.000000
0.000000
0.000000
0.000000
0.000000
0.000000
0.000000
0.000000
0.000000
0.005474
0.008263
0.015625
0.014660
0.003965
0.008230
0.006430
0.018519
0.000000
0.000000
0.000000
0.000000
0.000000
0.000000
0.000000
0.000000
0.002572
0.007716
0.006173
0.027778
0.005144
0.023148
0.018519
0.166667
0.000000
0.000000
0.000000
0.000000
0.000000
0.000000
0.000000
0.004029
0.009388
0.009774
0.023148
0.005916
0.018519
0.013889
0.000000
0.000000
0.000000
0.000000
0.000000
0.000000
0.000000
0.000000
0.000000
0.000000
0.000000
0.000000
0.000000
0.000000
0.000000
0.000000
0.000000
0.000000
0.000000
0.000000
0.000000
0.000000
0.000000
0.000000
0.000000
0.119467
0.110365
0.033558
0.030026
0.089170
0.070091
0.079947
0.063064
0.046182
0.212834
0.006044
0.013889
0.008488
0.003086
0.013889
0.000000
0.000000
0.000000
0.000000
0.000000
0.070626
0.034465
0.007416
0.005573
0.019033
0.000000
0.000000
0.000000
0.000000
0.000000
0.007716
0.027778
0.023148
0.018519
0.166667
0.000000
0.000000
0.000000
0.000000
0.000000
0.000000
0.000000
0.032064
0.003987
0.002894
0.001800
0.000772
0.000000
0.000000
0.000000
0.000000
0.000000
0.000000
0.000000
0.000000
0.000000
0.000000
0.000000
0.000000
0.000000
0.000000
0.000000
0.000000
0.003972
0.010417
0.005658
0.020062
0.006087
0.015175
0.010288
0.004630
0.000000
0.000000
0.000000
0.000000
0.000000
0.000000
0.000000
0.000000
0.000000
0.000000
0.000000
0.000000
0.000000
0.000000
0.000000
0.000000
0.000000
0.000000
0.000000
0.000000
0.000000
0.000000
0.000000
0.000000
0.058624
0.038109
0.025241
0.019319
0.082690
0.017790
0.064043
0.053369
0.042695
0.384259
0.000000
0.000000
0.000000
0.000000
0.000000
0.000000
0.000000
0.000000
0.000000
0.000000
0.000000
0.000000
0.000000
0.008230
0.016975
0.011831
0.006687
0.009259
0.000000
0.000000
0.000000
0.000000
0.000000
0.000000
0.000000
0.000000
0.000000
0.000000
0.000000
0.000000
0.000000
0.000000
0.000000
0.000000
0.000000
0.000000
0.000000
0.000000
0.000000
0.000000
0.002229
0.006044
0.003601
0.013889
0.002315
0.008488
0.003086
0.013889
0.000000
0.000000
0.000000
0.000000
0.000000
0.000000
0.000000
0.000000
0.000000
0.000000
0.000000
0.000000
0.000000
0.000000
0.000000
0.000000
0.000000
0.000000
0.000000
0.000000
0.000000
0.000000
0.000000
0.000000
0.002572
0.007716
0.006173
0.027778
0.005144
0.023148
0.018519
0.166667
0.000000
0.000000
0.000000
0.000000
0.000000
0.000000
0.000000
0.000000
0.000000
0.000000
0.000000
0.000000
0.000000
0.000000
0.000000
0.000000
0.000000
0.000000
0.000000
0.000000
0.000000
0.000000
0.296331
0.284324
0.170370
0.258325
0.464277
0.457503
0.069043
0.128073
0.568685
0.584766
0.188857
0.156207
2.521143
2.641890
0.038180
0.251929
0.179356
0.371265
0.068017
0.212570
0.148286
0.170377
0.128184
0.659422
0.000000
0.000000
0.000000
0.000000
0.000000
0.000000
0.000000
0.000000
0.242525
0.042677
0.122819
0.071681
0.153206
0.017530
0.010998
0.004487
0.001257
0.000000
0.000000
0.000000
0.000000
0.000000
0.000000
0.000000
0.000543
0.004887
0.000000
0.000000
0.000000
0.000000
0.000000
0.000000
0.000000
0.000000
0.000000
0.000000
0.000000
0.000000
0.000000
0.200635
0.322512
0.045524
0.167874
0.149933
0.055005
0.040531
0.111540
0.787606
1.691122
0.044410
0.165123
0.928827
0.136317
0.107510
0.759259
0.000000
0.000000
0.000000
0.000000
0.000000
0.000000
0.000000
0.000000
0.000000
0.000000
0.000000
0.000000
0.000000
0.000000
0.000000
0.000000
0.103104
0.103570
0.039566
0.121828
0.030452
0.090564
0.059299
0.036523
0.000000
0.000000
0.000000
0.000000
0.000000
0.000000
0.000000
0.000000
0.000000
0.000000
0.000000
0.000000
0.000000
0.000000
0.000000
0.000000
0.000000
0.000000
0.000000
0.000000
0.000000
0.000000
0.000000
0.000000
0.072149
0.067256
0.277549
0.124921
0.042469
0.104730
0.077237
0.257630
0.006521
0.017790
0.014232
0.064043
0.011860
0.053369
0.042695
0.384259
0.021462
0.050294
0.045453
0.156507
0.032738
0.128644
0.100780
0.618827
0.000000
0.000000
0.000000
0.000000
0.000000
0.000000
0.000000
0.000000
0.043966
0.061178
0.188857
0.156207
0.027211
0.071473
0.038180
0.065329
0.000000
0.000000
0.000000
0.000000
0.000000
0.000000
0.000000
0.000000
0.000000
0.000000
0.000000
0.000000
0.000000
0.000000
0.000000
0.000000
0.000000
0.000000
0.000000
0.000000
0.000000
0.000000
0.000000
0.000000
0.015456
0.037834
0.023048
0.069702
0.015554
0.055127
0.017918
0.063272
0.000000
0.000000
0.000000
0.000000
0.000000
0.000000
0.000000
0.000000
0.000000
0.000000
0.000000
0.000000
0.000000
0.000000
0.000000
0.000000
0.000000
0.000000
0.000000
0.000000
0.000000
0.000000
0.000000
0.000000
0.018433
0.050797
0.044410
0.165123
0.033293
0.136317
0.107510
0.759259
0.000000
0.000000
0.000000
0.000000
0.000000
0.000000
0.000000
0.000000
0.000000
0.000000
0.000000
0.000000
0.000000
0.000000
0.000000
0.000000
0.000000
0.000000
0.000000
0.000000
0.000000
0.000000
0.000000
0.224744
0.041910
0.030252
0.020731
0.031907
0.013717
0.028292
0.019719
0.011145
0.015432
0.070091
0.079947
0.063064
0.046182
0.212834
0.000000
0.000000
0.000000
0.000000
0.000000
0.009097
0.005144
0.003787
0.002429
0.000857
0.000000
0.000000
0.000000
0.000000
0.000000
0.000000
0.000000
0.000000
0.000000
0.000000
0.000000
0.000000
0.000000
0.000000
0.000000
0.000000
0.000000
0.000000
0.140039
0.050369
0.015539
0.011574
0.039866
0.012860
0.046296
0.038580
0.030864
0.277778
0.000000
0.000000
0.000000
0.000000
0.000000
0.000000
0.000000
0.000000
0.000000
0.000000
0.006621
0.017361
0.009431
0.033436
0.010145
0.025291
0.017147
0.007716
0.000000
0.000000
0.000000
0.000000
0.000000
0.000000
0.000000
0.000000
0.000000
0.000000
0.000000
0.000000
0.000000
0.000000
0.000000
0.000000
0.000000
0.000000
0.000000
0.000000
0.000000
0.000000
0.000000
0.000000
0.017284
0.039480
0.029221
0.021919
0.091564
0.000000
0.000000
0.000000
0.000000
0.000000
0.017790
0.064043
0.053369
0.042695
0.384259
0.000000
0.000000
0.000000
0.000000
0.000000
0.000000
0.000000
0.000000
0.013717
0.028292
0.019719
0.011145
0.015432
0.000000
0.000000
0.000000
0.000000
0.000000
0.000000
0.000000
0.000000
0.000000
0.000000
0.000000
0.000000
0.000000
0.000000
0.000000
0.000000
0.000000
0.000000
0.000000
0.000000
0.000000
0.000000
0.003715
0.010074
0.006001
0.023148
0.003858
0.014146
0.005144
0.023148
0.000000
0.000000
0.000000
0.000000
0.000000
0.000000
0.000000
0.000000
0.000000
0.000000
0.000000
0.000000
0.000000
0.000000
0.000000
0.000000
0.000000
0.000000
0.000000
0.000000
0.000000
0.000000
0.000000
0.000000
0.004287
0.012860
0.010288
0.046296
0.008573
0.038580
0.030864
0.277778
0.000000
0.000000
0.000000
0.000000
0.000000
0.000000
0.000000
0.000000
0.000000
0.000000
0.000000
0.000000
0.000000
0.000000
0.000000
0.000000
0.000000
0.000000
0.000000
0.000000
0.000000
0.000000
0.433443
0.388527
0.381811
0.565894
1.052842
0.863250
0.227881
1.666967
0.464277
0.457503
0.069043
0.128073
0.030452
0.090564
0.059299
0.036523
0.383198
0.333559
0.070288
0.184505
1.786682
1.568759
0.007459
0.009259
0.148286
0.170377
0.128184
0.659422
0.000000
0.000000
0.000000
0.142723
0.047919
0.392973
0.066181
0.004958
0.011574
1.205333
0.013889
0.153206
0.017530
0.010998
0.004487
0.000000
0.000000
0.000000
0.000000
0.009652
0.008452
0.005701
0.001286
0.000000
0.000000
0.000000
0.000000
0.000000
0.000000
0.000000
0.000000
0.000000
0.000000
0.000000
0.092362
0.118570
0.073968
0.117491
0.066270
0.091571
0.006430
0.299511
0.149933
0.055005
0.040531
0.111540
0.000000
0.000000
0.000000
0.000000
0.187866
0.006473
0.012496
0.002572
0.000000
0.000000
0.000000
0.000000
0.000000
0.000000
0.000000
0.000000
0.000000
0.000000
0.000000
0.113576
0.060676
0.060673
0.149806
0.417410
0.018519
0.013889
0.000000
0.030452
0.090564
0.059299
0.036523
0.000000
0.000000
0.000000
0.000000
0.090013
0.012860
0.007459
0.009259
0.000000
0.000000
0.000000
0.000000
0.000000
0.000000
0.000000
0.000000
0.000000
0.000000
0.000000
0.086765
0.120813
0.090764
0.434237
0.020131
0.054841
0.043238
1.399691
0.042469
0.104730
0.077237
0.257630
0.033293
0.136317
0.107510
0.759259
0.020457
0.049891
0.040254
0.112311
0.005916
0.018519
0.013889
0.000000
0.032738
0.128644
0.100780
0.618827
0.000000
0.000000
0.000000
0.024255
0.057401
0.037185
0.133888
0.007002
0.019719
0.011145
0.015432
0.027211
0.071473
0.038180
0.065329
0.000000
0.000000
0.000000
0.000000
0.004958
0.011574
0.004630
0.013889
0.000000
0.000000
0.000000
0.000000
0.000000
0.000000
0.000000
0.000000
0.000000
0.000000
0.000000
0.016220
0.049347
0.021998
0.090621
0.003858
0.014146
0.005144
0.023148
0.015554
0.055127
0.017918
0.063272
0.000000
0.000000
0.000000
0.000000
0.003965
0.008230
0.006430
0.018519
0.000000
0.000000
0.000000
0.000000
0.000000
0.000000
0.000000
0.000000
0.000000
0.000000
0.000000
0.020131
0.054841
0.043238
0.151749
0.008573
0.038580
0.030864
0.277778
0.033293
0.136317
0.107510
0.759259
0.000000
0.000000
0.000000
0.000000
0.005916
0.018519
0.013889
0.000000
0.000000
0.000000
0.000000
0.000000
0.000000
0.000000
0.000000
0.000000
0.000000
0.000000
0.303231
0.062663
1.620463
0.022148
0.069530
0.030252
0.031907
0.025291
0.017147
0.007716
0.033558
0.089170
0.015175
0.010288
0.004630
0.063064
0.212834
0.000000
0.000000
0.023249
0.045496
0.011831
0.006687
0.009259
0.003787
0.000857
0.000000
0.000000
0.000000
0.007416
0.019033
0.000000
0.000000
0.000000
0.000000
0.000000
0.000000
0.000000
0.000000
0.000000
0.000000
0.018073
0.027242
0.008488
0.003086
0.013889
0.015539
0.039866
0.000000
0.000000
0.000000
0.002894
0.000772
0.000000
0.000000
0.000000
0.000000
0.000000
0.000000
0.000000
0.000000
0.027313
0.023913
0.022148
0.069530
0.005144
0.023148
0.018519
0.166667
0.010145
0.025291
0.017147
0.007716
0.000000
0.000000
0.000000
0.006087
0.015175
0.010288
0.004630
0.000000
0.000000
0.000000
0.000000
0.000000
0.000000
0.000000
0.000000
0.000000
0.000000
0.000000
0.082656
0.081347
0.015861
0.012689
0.057099
0.029221
0.091564
0.038580
0.030864
0.277778
0.025241
0.082690
0.023148
0.018519
0.166667
0.011860
0.053369
0.042695
0.384259
0.000000
0.000000
0.000000
0.020776
0.060357
0.000000
0.000000
0.000000
0.019719
0.015432
0.000000
0.000000
0.000000
0.000000
0.004201
0.011831
0.006687
0.009259
0.000000
0.000000
0.000000
0.000000
0.000000
0.000000
0.000000
0.000000
0.000000
0.000000
0.000000
0.005820
0.018711
0.010374
0.051183
0.000000
0.000000
0.000000
0.000000
0.003858
0.014146
0.005144
0.023148
0.000000
0.000000
0.000000
0.000000
0.002315
0.008488
0.003086
0.013889
0.000000
0.000000
0.000000
0.000000
0.000000
0.000000
0.000000
0.000000
0.000000
0.000000
0.000000
0.005287
0.015861
0.012689
0.057099
0.000000
0.000000
0.000000
0.000000
0.008573
0.038580
0.030864
0.277778
0.000000
0.000000
0.000000
0.000000
0.005144
0.023148
0.018519
0.166667
0.000000
0.000000
0.000000
0.000000
0.000000
0.000000
0.000000
0.000000
0.000000
0.000000
0.201985
0.295222
0.080744
0.062663
0.381811
0.565894
1.379280
1.172904
0.170370
0.258325
0.437783
0.155421
0.069043
0.128073
0.000000
0.000000
0.101582
0.313042
0.030026
0.089170
0.070288
0.184505
0.100780
0.618827
0.068017
0.212570
0.046182
0.212834
0.128184
0.659422
0.000000
0.291885
0.171964
1.076933
0.809485
0.392973
0.066181
1.158693
0.296682
0.122819
0.071681
0.002429
0.333419
0.010998
0.004487
0.000000
0.000000
0.152907
0.012674
0.996714
0.019033
0.005701
0.001286
0.000000
0.000000
0.000000
0.000000
0.000000
0.000000
0.000000
0.000000
0.000000
0.087549
0.189485
0.013327
0.027242
0.073968
0.117491
0.017918
0.063272
0.045524
0.167874
0.011574
0.039866
0.040531
0.111540
0.000000
0.000000
0.193948
0.105310
1.224123
0.681842
0.012496
0.002572
0.000000
0.000000
0.000000
0.000000
0.000000
0.000000
0.000000
0.000000
0.000000
0.149082
0.081969
0.650320
0.069530
0.060673
0.149806
0.107510
0.759259
0.039566
0.121828
0.017147
0.007716
0.059299
0.036523
0.000000
0.092850
0.050412
0.587963
0.236111
0.007459
0.009259
0.000000
0.000000
0.000000
0.000000
0.000000
0.000000
0.000000
0.000000
0.000000
0.116748
0.290319
0.023227
0.081347
0.090764
0.434237
0.006430
0.018519
0.277549
0.124921
1.579704
0.091564
0.077237
0.257630
0.000000
0.000000
0.030149
0.058585
0.019319
0.082690
0.040254
0.112311
0.018519
0.166667
0.045453
0.156507
0.042695
0.384259
0.100780
0.618827
0.000000
0.136606
0.090835
0.626343
0.060357
0.037185
0.133888
0.013889
0.000000
0.188857
0.156207
1.102709
0.385802
0.038180
0.065329
0.000000
0.000000
0.007673
0.016461
0.006687
0.009259
0.004630
0.013889
0.000000
0.000000
0.000000
0.000000
0.000000
0.000000
0.000000
0.000000
0.000000
0.072016
0.100459
0.010374
0.051183
0.021998
0.090621
0.000000
0.000000
0.023048
0.069702
0.005144
0.023148
0.017918
0.063272
0.000000
0.000000
0.015625
0.014660
0.003086
0.013889
0.006430
0.018519
0.000000
0.000000
0.000000
0.000000
0.000000
0.000000
0.000000
0.000000
0.000000
0.025106
0.058728
0.012689
0.057099
0.043238
0.151749
0.000000
0.000000
0.044410
0.165123
0.030864
0.277778
0.107510
0.759259
0.000000
0.000000
0.009774
0.023148
0.018519
0.166667
0.013889
0.000000
0.000000
0.000000
0.000000
0.000000
0.000000
0.000000
0.000000
0.000000
0.066726
0.108903
0.062663
0.357382
0.091564
0.041910
0.000000
0.031907
0.000000
0.000000
0.110365
0.064043
0.089170
0.042695
0.384259
0.079947
0.000000
0.212834
0.000000
0.038697
0.078447
0.045496
0.525034
0.154321
0.005144
0.000000
0.000857
0.000000
0.000000
0.034465
0.000000
0.019033
0.000000
0.000000
0.000000
0.000000
0.000000
0.000000
0.000000
0.000000
0.000000
0.039652
0.023148
0.027242
0.005144
0.023148
0.050369
0.000000
0.039866
0.000000
0.000000
0.003987
0.000000
0.000772
0.000000
0.000000
0.000000
0.000000
0.000000
0.000000
0.000000
0.012422
0.032022
0.010288
0.046296
0.022148
0.069530
0.030864
0.277778
0.009431
0.033436
0.000000
0.000000
0.017147
0.007716
0.000000
0.000000
0.005658
0.020062
0.000000
0.000000
0.010288
0.004630
0.000000
0.000000
0.000000
0.000000
0.000000
0.000000
0.000000
0.000000
0.047975
0.013889
0.081347
0.003086
0.013889
0.039480
0.000000
0.091564
0.000000
0.000000
0.038109
0.000000
0.082690
0.000000
0.000000
0.014232
0.064043
0.000000
0.000000
0.042695
0.384259
0.000000
0.031207
0.027778
0.060357
0.018519
0.166667
0.028292
0.000000
0.011145
0.015432
0.000000
0.005658
0.016975
0.000000
0.000000
0.006687
0.009259
0.000000
0.000000
0.000000
0.000000
0.000000
0.000000
0.000000
0.000000
0.000000
0.014175
0.030907
0.000000
0.000000
0.010374
0.051183
0.000000
0.000000
0.006001
0.023148
0.000000
0.000000
0.005144
0.023148
0.000000
0.000000
0.003601
0.013889
0.000000
0.000000
0.003086
0.013889
0.000000
0.000000
0.000000
0.000000
0.000000
0.000000
0.000000
0.000000
0.000000
0.007373
0.023663
0.000000
0.000000
0.012689
0.057099
0.000000
0.000000
0.010288
0.046296
0.000000
0.000000
0.030864
0.277778
0.000000
0.000000
0.006173
0.027778
0.000000
0.000000
0.018519
0.166667
0.000000
0.000000
0.000000
0.000000
0.000000
0.000000
0.000000
0.000000
0.236339
0.066726
0.295222
0.630246
0.388527
0.062663
0.565894
0.229538
0.284324
0.041910
0.258325
1.111025
0.457503
0.031907
0.128073
0.000000
0.188361
0.110365
0.313042
0.870370
0.333559
0.089170
0.184505
0.000000
0.371265
0.079947
0.212570
0.618827
0.170377
0.212834
0.659422
0.090461
0.038697
0.171964
0.133888
0.047919
0.045496
0.066181
0.036523
0.042677
0.005144
0.071681
0.065329
0.017530
0.000857
0.004487
0.000000
0.020613
0.034465
0.012674
0.013889
0.008452
0.019033
0.001286
0.000000
0.004887
0.000000
0.000000
0.000000
0.000000
0.000000
0.000000
0.205723
0.039652
0.189485
0.090621
0.118570
0.027242
0.117491
0.009259
0.322512
0.050369
0.167874
0.722994
0.055005
0.039866
0.111540
0.000000
0.070773
0.438422
0.105310
0.018519
0.006473
0.000772
0.002572
0.000000
0.000000
0.000000
0.000000
0.000000
0.000000
0.000000
0.000000
0.047722
0.032022
0.081969
0.151749
0.060676
0.069530
0.149806
0.277778
0.103570
0.477881
0.121828
0.759259
0.090564
0.007716
0.036523
0.000000
0.015536
0.020062
0.050412
0.000000
0.012860
0.004630
0.009259
0.000000
0.000000
0.000000
0.000000
0.000000
0.000000
0.000000
0.154249
0.047975
0.290319
0.069702
0.120813
0.081347
0.434237
0.846965
0.067256
0.039480
0.124921
0.000000
0.104730
0.091564
0.257630
0.000000
0.053586
0.038109
0.058585
0.000000
0.049891
0.082690
0.112311
0.000000
0.050294
0.064043
0.156507
0.000000
0.128644
0.384259
0.618827
0.102333
0.031207
0.090835
0.165123
0.057401
0.060357
0.133888
0.759259
0.061178
0.028292
0.156207
0.000000
0.071473
0.015432
0.065329
0.010867
0.016975
0.016461
0.000000
0.011574
0.018519
0.013889
0.000000
0.000000
0.000000
0.000000
0.000000
0.000000
0.000000
0.000000
0.116267
0.030907
0.100459
0.023148
0.049347
0.051183
0.090621
0.000000
0.037834
0.023148
0.069702
0.000000
0.055127
0.125000
0.063272
0.000000
0.008263
0.013889
0.014660
0.000000
0.008230
0.013889
0.018519
0.000000
0.000000
0.000000
0.000000
0.000000
0.000000
0.000000
0.000000
0.028539
0.023663
0.058728
0.000000
0.054841
0.057099
0.151749
0.000000
0.050797
0.046296
0.165123
0.000000
0.136317
0.277778
0.759259
0.000000
0.009388
0.027778
0.023148
0.000000
0.018519
0.166667
0.000000
0.000000
0.000000
0.000000
0.000000
0.000000
0.000000
0.000000
0.082656
0.081347
0.015539
0.062663
0.039866
0.751443
0.091564
0.000000
0.031907
0.000000
0.025241
0.082690
0.000000
0.089170
0.000000
0.053369
0.384259
0.000000
0.212834
1.016861
0.060357
0.025291
0.045496
0.007716
0.019719
0.015432
0.000000
0.000857
0.000000
0.537894
0.194444
0.000000
0.019033
0.000000
0.000000
0.000000
0.000000
0.000000
0.000000
0.000000
0.000000
0.018711
0.128344
0.015175
0.027242
0.004630
1.002315
0.300926
0.000000
0.039866
0.000000
0.008488
0.013889
0.000000
0.000772
0.000000
0.000000
0.000000
0.000000
0.000000
0.000000
0.016413
0.015861
0.032022
0.057099
0.023913
0.000000
0.069530
0.000000
0.017361
0.038580
0.033436
0.277778
0.025291
0.000000
0.007716
0.000000
0.010417
0.023148
0.020062
0.166667
0.015175
0.000000
0.004630
0.000000
0.000000
0.000000
0.000000
0.000000
0.000000
0.000000
0.907579
0.056584
0.476252
0.081347
0.115741
0.000000
0.000000
0.000000
0.091564
0.000000
0.000000
0.000000
0.000000
0.082690
0.000000
0.017790
0.000000
0.064043
0.000000
0.053369
0.000000
0.384259
0.012860
0.046296
0.038580
0.060357
0.277778
0.000000
0.000000
0.019719
0.000000
0.015432
0.000000
0.008230
0.000000
0.016975
0.000000
0.011831
0.000000
0.009259
0.000000
0.000000
0.000000
0.000000
0.000000
0.000000
0.000000
0.042734
0.007716
0.030907
0.027778
0.018711
0.023148
0.051183
0.166667
0.010074
0.000000
0.023148
0.000000
0.014146
0.000000
0.023148
0.006044
0.000000
0.013889
0.000000
0.008488
0.000000
0.013889
0.000000
0.000000
0.000000
0.000000
0.000000
0.000000
0.000000
0.000000
0.009216
0.000000
0.023663
0.000000
0.015861
0.000000
0.057099
0.000000
0.012860
0.000000
0.046296
0.000000
0.038580
0.000000
0.277778
0.000000
0.007716
0.000000
0.027778
0.000000
0.023148
0.000000
0.166667
0.000000
0.000000
0.000000
0.000000
0.000000
0.000000
0.000000
0.152777
0.290319
0.066726
0.117491
0.303231
0.434237
0.062663
0.004487
0.224744
0.124921
0.041910
0.111540
0.030252
0.257630
0.031907
0.000000
0.119467
0.058585
0.110365
0.002572
0.033558
0.112311
0.089170
0.000000
0.070091
2.390411
0.079947
0.000000
0.063064
0.618827
0.212834
0.613113
0.090835
0.038697
0.149806
0.546086
0.133888
0.045496
0.000000
2.174146
0.156207
1.108696
0.036523
0.586391
0.065329
0.000857
0.000000
0.070626
0.016461
0.034465
0.009259
0.007416
0.013889
0.019033
0.000000
0.000000
0.000000
0.000000
0.000000
0.000000
0.000000
0.000000
0.123031
0.100459
0.039652
0.121828
0.018073
0.767718
0.027242
0.036523
0.140039
0.069702
0.050369
0.300926
0.015539
0.063272
0.039866
0.000000
0.612819
0.014660
0.003987
0.000000
2.115962
0.018519
0.000772
0.000000
0.000000
0.000000
0.000000
0.000000
0.000000
0.000000
0.000000
0.016413
0.058728
0.032022
0.057099
0.023913
0.151749
0.069530
0.000000
0.929441
0.165123
0.033436
0.277778
0.025291
0.759259
0.007716
0.000000
0.010417
0.023148
0.020062
0.166667
1.025120
0.000000
0.004630
0.000000
0.000000
0.000000
0.000000
0.000000
0.000000
0.000000
0.139419
0.600887
0.047975
1.816015
0.082656
0.071473
0.081347
0.065329
0.017284
0.055127
0.039480
0.063272
0.029221
0.000000
0.091564
0.000000
0.058624
0.008230
0.061600
0.018519
0.025241
0.000000
0.082690
0.000000
0.017790
0.000000
0.064043
0.000000
0.053369
0.000000
0.384259
0.032469
0.054841
0.031207
0.151749
0.020776
0.038580
0.060357
0.277778
0.013717
0.136317
0.028292
0.759259
0.019719
0.000000
0.015432
0.000000
0.008230
0.018519
0.016975
0.000000
0.011831
0.000000
0.009259
0.000000
0.000000
0.000000
0.000000
0.000000
0.000000
0.000000
0.042734
0.050797
0.030907
0.165123
0.018711
0.136317
0.051183
0.759259
0.010074
0.000000
0.023148
0.000000
0.014146
0.000000
0.023148
0.006044
0.000000
0.116512
0.000000
0.008488
0.000000
0.013889
0.000000
0.000000
0.000000
0.000000
0.000000
0.000000
0.000000
0.000000
0.009216
0.000000
0.023663
0.000000
0.015861
0.000000
0.057099
0.000000
0.012860
0.000000
0.046296
0.000000
0.038580
0.000000
0.277778
0.000000
0.007716
0.000000
0.027778
0.000000
0.023148
0.000000
0.166667
0.000000
0.000000
0.000000
0.000000
0.000000
0.000000
0.000000
0.047975
0.027242
0.081347
0.002429
0.000857
0.626679
0.039866
0.091564
0.000000
0.000000
0.898320
0.663837
0.082690
0.000000
0.000000
0.504630
0.000000
0.384259
0.000000
0.031207
0.069530
0.060357
0.018519
0.166667
0.028292
0.007716
0.015432
0.000000
0.016975
0.004630
0.009259
0.000000
0.000000
0.015089
0.000000
0.000000
0.000000
0.000000
0.000000
0.000000
0.030907
0.033436
0.051183
0.017147
0.007716
0.023148
0.000000
0.023148
0.000000
0.000000
0.331790
0.000000
0.013889
0.000000
0.000000
0.000000
0.000000
0.000000
0.000000
0.000000
0.007373
0.023663
0.000000
0.000000
0.012689
0.057099
0.000000
0.000000
0.010288
0.046296
0.000000
0.000000
0.030864
0.277778
0.000000
0.000000
0.006173
0.027778
0.000000
0.000000
0.018519
0.166667
0.000000
0.000000
0.000000
0.000000
0.000000
0.000000
0.000000
0.000000
0.018711
0.078189
0.019719
0.011145
0.015432
0.014146
0.023148
0.000000
0.000000
0.000000
0.532665
0.152778
0.000000
0.000000
0.000000
0.000000
0.000000
0.000000
0.000000
0.000000
0.000000
0.000000
0.015861
0.057099
0.000000
0.000000
0.000000
0.038580
0.277778
0.000000
0.000000
0.000000
0.000000
0.005144
0.023148
0.018519
0.166667
0.000000
0.000000
0.000000
0.000000
0.000000
0.000000
0.000000
0.000000
0.000000
0.000000
0.004287
0.012860
0.010288
0.046296
0.008573
0.038580
0.030864
0.277778
0.000000
0.000000
0.000000
0.000000
0.000000
0.000000
0.000000
0.000000
0.000000
0.000000
0.000000
0.000000
0.000000
0.000000
0.000000
0.000000
0.000000
0.000000
0.000000
0.000000
0.000000
0.000000
0.000000
0.000000
0.000000
0.000000
0.000000
0.000000
0.000000
0.000000
0.000000
0.000000
0.000000
0.000000
0.000000
0.000000
0.000000
0.000000
0.000000
0.000000
0.000000
0.000000
0.000000
0.000000
0.000000
0.000000
0.000000
0.000000
0.000000
0.000000
0.000000
0.000000
0.000000
0.154249
0.189485
0.290319
0.066181
0.120813
0.117491
0.434237
0.659422
0.067256
0.167874
0.124921
0.004487
0.104730
0.111540
0.257630
0.000000
0.053586
0.105310
0.058585
0.001286
0.049891
0.002572
0.112311
0.000000
1.662855
0.000000
0.156507
0.000000
0.628515
0.000000
0.618827
0.102333
0.565329
0.090835
0.000000
0.057401
0.149806
0.133888
0.000000
0.061178
0.121828
0.156207
0.007716
1.711005
0.036523
0.065329
0.010867
0.050412
0.016461
0.000000
0.011574
0.009259
0.013889
0.000000
0.000000
0.000000
0.000000
0.000000
0.000000
0.000000
0.000000
0.116267
1.084126
0.100459
1.790481
0.049347
0.000000
0.090621
0.000000
0.037834
0.090564
0.069702
0.036523
0.055127
0.000000
0.063272
0.000000
0.008263
0.012860
0.014660
0.009259
0.008230
0.013889
0.018519
0.000000
0.000000
0.000000
0.000000
0.000000
0.000000
0.000000
0.000000
0.028539
0.000000
0.355410
0.000000
0.054841
0.000000
0.151749
0.000000
0.050797
0.046296
0.165123
0.000000
0.136317
0.277778
0.759259
0.000000
0.009388
0.027778
0.023148
0.000000
0.018519
0.166667
0.000000
0.000000
0.000000
0.000000
0.000000
0.000000
0.000000
0.000000
0.072016
0.100459
0.037185
0.133888
0.684492
0.090621
0.100780
0.618827
0.023048
0.069702
0.038180
0.065329
0.017918
0.063272
0.000000
0.000000
0.015625
0.404864
0.004630
0.013889
0.006430
0.018519
0.000000
0.000000
0.000000
0.000000
0.000000
0.000000
0.000000
0.000000
0.000000
0.025106
1.075189
0.000000
0.000000
0.043238
0.151749
0.000000
0.000000
0.044410
0.165123
0.030864
0.277778
0.107510
0.759259
0.000000
0.000000
0.009774
0.023148
0.018519
0.166667
0.013889
0.000000
0.000000
0.000000
0.000000
0.000000
0.000000
0.000000
0.000000
0.000000
0.020131
0.054841
0.827332
0.813529
0.000000
0.000000
0.000000
0.000000
0.033293
0.136317
0.107510
0.759259
0.000000
0.000000
0.000000
0.000000
0.005916
0.018519
0.013889
0.000000
0.000000
0.000000
0.000000
0.000000
0.000000
0.000000
0.000000
0.000000
0.000000
0.000000
0.000000
0.000000
0.000000
0.000000
0.000000
0.000000
0.000000
0.000000
0.000000
0.000000
0.000000
0.000000
0.000000
0.000000
0.000000
0.000000
0.000000
0.000000
0.000000
0.000000
0.000000
0.000000
0.000000
0.000000
0.000000
0.000000
0.000000
0.000000
0.000000
0.000000
0.000000
0.198099
0.045496
0.027242
0.081347
0.212834
0.050369
0.000857
0.039866
0.091564
0.000000
0.003987
0.019033
0.000772
0.082690
0.000000
0.000000
0.000000
0.000000
0.384259
0.032022
0.000000
0.069530
0.060357
0.000000
0.033436
0.000000
0.007716
0.015432
0.000000
0.020062
0.000000
0.004630
0.009259
0.000000
0.000000
0.000000
0.000000
0.000000
0.000000
0.000000
1.501207
0.069530
0.000000
0.051183
0.000000
0.025291
0.007716
0.000000
0.023148
0.015175
0.004630
0.000000
0.013889
0.000000
0.000000
0.000000
0.000000
0.000000
0.000000
0.009216
0.000000
0.023663
0.000000
0.313786
0.000000
0.057099
0.000000
0.012860
0.000000
0.046296
0.000000
0.038580
0.000000
0.277778
0.000000
0.007716
0.000000
0.027778
0.000000
0.023148
0.000000
0.166667
0.000000
0.000000
0.000000
0.000000
0.000000
0.000000
0.000000
0.030907
0.060357
0.051183
0.042695
0.384259
0.023148
0.015432
0.023148
0.000000
0.000000
0.013889
0.009259
0.013889
0.000000
0.000000
0.010631
0.000000
0.000000
0.000000
0.000000
0.000000
0.000000
0.328704
0.000000
0.057099
0.000000
0.000000
0.046296
0.000000
0.030864
0.277778
0.000000
0.000000
0.006173
0.027778
0.000000
0.000000
0.018519
0.166667
0.000000
0.000000
0.000000
0.000000
0.000000
0.000000
0.000000
0.000000
0.626400
0.538152
0.111968
0.149691
0.000000
0.000000
0.000000
0.000000
0.008573
0.038580
0.030864
0.277778
0.000000
0.000000
0.000000
0.000000
0.005144
0.023148
0.018519
0.166667
0.000000
0.000000
0.000000
0.000000
0.000000
0.000000
0.000000
0.000000
0.000000
0.000000
0.000000
0.000000
0.000000
0.000000
0.000000
0.000000
0.000000
0.000000
0.000000
0.000000
0.000000
0.000000
0.000000
0.000000
0.000000
0.000000
0.000000
0.000000
0.000000
0.000000
0.000000
0.000000
0.000000
0.000000
0.000000
0.000000
0.000000
0.000000
0.000000
0.000000
0.205723
0.171964
0.189485
0.184505
0.118570
0.066181
0.117491
0.009259
0.322512
0.071681
0.167874
0.659422
0.055005
0.004487
0.111540
0.000000
0.070773
0.012674
0.105310
0.018519
0.006473
0.001286
0.002572
0.000000
0.000000
0.000000
0.000000
0.000000
0.000000
0.000000
0.000000
0.047722
0.008452
0.081969
0.001286
0.060676
0.069530
0.149806
0.000000
0.103570
0.000000
0.121828
0.000000
0.090564
0.007716
0.036523
0.000000
0.015536
0.204733
0.050412
0.000000
0.012860
0.004630
0.009259
0.000000
0.175926
0.000000
0.000000
0.000000
0.000000
0.000000
0.686672
0.878406
0.012496
0.002572
0.060673
0.149806
1.324331
0.759259
0.039566
1.025013
0.000000
0.000000
0.059299
0.036523
0.023148
0.092850
0.050412
0.000000
0.000000
0.007459
0.009259
0.324074
0.000000
0.000000
0.000000
0.000000
0.000000
0.000000
0.000000
0.000000
0.090013
0.012860
0.007459
0.009259
0.313786
0.000000
0.057099
0.000000
0.000000
0.000000
0.000000
0.000000
0.038580
0.000000
0.277778
0.000000
0.007716
0.000000
0.027778
0.000000
0.023148
0.000000
0.166667
0.000000
0.000000
0.000000
0.000000
0.000000
0.000000
0.000000
0.335342
0.090835
0.100459
0.112311
0.049347
0.133888
0.090621
0.000000
0.306574
0.156207
0.069702
0.618827
0.097537
0.065329
0.063272
0.000000
0.008263
0.016461
0.014660
0.009259
0.008230
0.013889
0.018519
0.000000
0.094393
0.000000
0.000000
0.000000
0.000000
0.000000
0.000000
0.757670
0.011574
0.058728
0.013889
0.054841
0.057099
0.151749
0.000000
0.050797
0.000000
0.165123
0.000000
0.136317
0.277778
0.759259
0.000000
0.009388
0.027778
0.023148
0.000000
0.018519
0.166667
0.000000
0.000000
0.000000
0.000000
0.000000
0.000000
0.000000
0.000000
0.184428
2.693716
0.006430
0.018519
0.043238
0.151749
0.000000
0.000000
0.044410
0.165123
0.000000
0.000000
0.107510
0.759259
0.000000
0.000000
0.009774
0.023148
0.018519
0.166667
0.013889
0.000000
0.000000
0.000000
0.000000
0.000000
0.000000
0.000000
0.000000
0.000000
0.005916
0.018519
0.013889
0.000000
0.000000
0.000000
0.000000
0.000000
0.000000
0.000000
0.000000
0.000000
0.000000
0.000000
0.000000
0.000000
0.000000
0.000000
0.000000
0.000000
0.000000
0.000000
0.000000
0.000000
0.000000
0.000000
0.000000
0.000000
0.000000
0.000000
0.075910
0.089170
0.045496
0.027242
0.004630
2.039580
0.212834
0.000857
0.039866
0.000000
0.034465
0.152778
0.019033
0.000772
0.000000
0.000000
0.000000
0.000000
0.000000
0.007416
0.019033
0.000000
0.069530
0.000000
0.000000
0.000000
0.000000
0.007716
0.000000
0.023148
0.166667
0.000000
0.004630
0.000000
0.000000
0.000000
0.000000
0.000000
0.000000
0.000000
0.032022
0.000772
0.069530
0.030864
0.277778
0.440586
0.000000
0.007716
0.000000
0.000000
0.020062
0.000000
0.004630
0.000000
0.000000
0.000000
0.000000
0.000000
0.000000
0.006087
0.015175
0.010288
0.004630
0.000000
0.000000
0.000000
0.000000
0.000000
0.000000
0.000000
0.000000
0.000000
0.000000
0.000000
0.000000
0.000000
0.000000
0.000000
0.000000
0.000000
0.000000
0.000000
0.000000
0.000000
0.000000
0.000000
0.000000
0.000000
0.000000
0.000000
0.031207
0.082690
0.060357
0.051183
0.166667
0.028292
0.384259
0.015432
0.023148
0.016975
0.000000
0.009259
0.013889
0.000000
0.000000
0.000000
0.000000
0.000000
0.000000
0.000000
0.000000
0.011831
0.009259
0.000000
0.057099
0.000000
0.000000
0.000000
0.038580
0.000000
0.277778
0.000000
0.007716
0.000000
0.027778
0.000000
0.023148
0.000000
0.166667
0.000000
0.000000
0.000000
0.000000
0.000000
0.000000
0.000000
0.007373
0.023663
0.003086
0.013889
0.012689
0.057099
0.000000
0.000000
0.010288
0.046296
0.000000
0.000000
0.030864
0.277778
0.000000
0.000000
0.006173
0.027778
0.000000
0.000000
0.018519
0.166667
0.000000
0.000000
0.000000
0.000000
0.000000
0.000000
0.000000
0.000000
0.005144
0.023148
0.018519
0.166667
0.000000
0.000000
0.000000
0.000000
0.000000
0.000000
0.000000
0.000000
0.000000
0.000000
0.000000
0.000000
0.000000
0.000000
0.000000
0.000000
0.000000
0.000000
0.000000
0.000000
0.000000
0.000000
0.000000
0.000000
0.000000
0.000000
